-27.0 15.0
-27.0 -15.0
-23.0 -15.0

-27.0 15.0
-23.0 15.0
-23.0 -15.0

-27.0 55.0
-27.0 25.0
-23.0 25.0

-27.0 55.0
-23.0 55.0
-23.0 25.0

-27.0 95.0
-27.0 65.0
-23.0 65.0

-27.0 95.0
-23.0 95.0
-23.0 65.0

-27.0 -55.0
-27.0 -25.0
-23.0 -25.0

-27.0 -55.0
-23.0 -55.0
-23.0 -25.0

-27.0 -95.0
-27.0 -65.0
-23.0 -65.0

-27.0 -95.0
-23.0 -95.0
-23.0 -65.0

27.0 15.0
27.0 -15.0
23.0 -15.0

27.0 15.0
23.0 15.0
23.0 -15.0

27.0 55.0
27.0 25.0
23.0 25.0

27.0 55.0
23.0 55.0
23.0 25.0

27.0 95.0
27.0 65.0
23.0 65.0

27.0 95.0
23.0 95.0
23.0 65.0

27.0 -55.0
27.0 -25.0
23.0 -25.0

27.0 -55.0
23.0 -55.0
23.0 -25.0

27.0 -95.0
27.0 -65.0
23.0 -65.0

27.0 -95.0
23.0 -95.0
23.0 -65.0