92.5 100.0
82.5 100.0
82.5 80.0

92.5 100.0
92.5 80.0
82.5 80.0

92.5 70.0
82.5 70.0
82.5 30.0

92.5 70.0
92.5 30.0
82.5 30.0

92.5 20.0
82.5 20.0
82.5 0.0

92.5 20.0
92.5 0.0
82.5 0.0

92.5 0.0
82.5 0.0
92.5 -20.0

82.5 0.0
92.5 -20.0
82.5 -20.0

82.5 -30.0
92.5 -70.0
82.5 -70.0

92.5 -30.0
82.5 -30.0
92.5 -70.0

82.5 -80.0
92.5 -100.0
82.5 -100.0

92.5 -80.0
82.5 -80.0
92.5 -100.0

-92.5 100.0
-82.5 100.0
-82.5 80.0

-92.5 100.0
-92.5 80.0
-82.5 80.0

-92.5 70.0
-82.5 70.0
-82.5 30.0

-92.5 70.0
-92.5 30.0
-82.5 30.0

-92.5 20.0
-82.5 20.0
-82.5 0.0

-92.5 20.0
-92.5 0.0
-82.5 0.0

-92.5 0.0
-82.5 0.0
-92.5 -20.0

-82.5 0.0
-92.5 -20.0
-82.5 -20.0

-82.5 -30.0
-92.5 -70.0
-82.5 -70.0

-92.5 -30.0
-82.5 -30.0
-92.5 -70.0

-82.5 -80.0
-92.5 -100.0
-82.5 -100.0

-92.5 -80.0
-82.5 -80.0
-92.5 -100.0
